Game Theory Simulation - Results
========================================

Total rounds: 15

Round   Your Qty    AI Qty      Price       Your Profit
-------------------------------------------------------
1       67          33          0           0
2       70          16          14          980
3       54          15          31          1674
4       12          23          65          780
5       20          44          36          720
6       67          40          0           0
7       10          16          74          740
8       10          45          45          450
9       35          45          20          700
10      55          32          13          715
11      15          22          63          945
12      13          42          45          585
13      69          44          0           0
14      63          16          21          1323
15      65          18          17          1105

========================================
Your total profit:  10717.0
AI total profit:    12211.0
Your avg quantity:  41.67
Nash eq. quantity:  33.33
Nash eq. price:     33.33
